(kicad_pcb (version 20171130) (host pcbnew "(5.1.10-1-10_14)")

  (general
    (thickness 1.6)
    (drawings 0)
    (tracks 0)
    (zones 0)
    (modules 58)
    (nets 46)
  )

  (page A4)
  (layers
    (0 F.Cu signal)
    (31 B.Cu signal)
    (32 B.Adhes user)
    (33 F.Adhes user)
    (34 B.Paste user)
    (35 F.Paste user)
    (36 B.SilkS user)
    (37 F.SilkS user)
    (38 B.Mask user)
    (39 F.Mask user)
    (40 Dwgs.User user)
    (41 Cmts.User user)
    (42 Eco1.User user)
    (43 Eco2.User user)
    (44 Edge.Cuts user)
    (45 Margin user)
    (46 B.CrtYd user hide)
    (47 F.CrtYd user hide)
    (48 B.Fab user hide)
    (49 F.Fab user hide)
  )

  (setup
    (last_trace_width 0.25)
    (trace_clearance 0.2)
    (zone_clearance 0.508)
    (zone_45_only no)
    (trace_min 0.2)
    (via_size 0.8)
    (via_drill 0.4)
    (via_min_size 0.4)
    (via_min_drill 0.3)
    (uvia_size 0.3)
    (uvia_drill 0.1)
    (uvias_allowed no)
    (uvia_min_size 0.2)
    (uvia_min_drill 0.1)
    (edge_width 0.05)
    (segment_width 0.2)
    (pcb_text_width 0.3)
    (pcb_text_size 1.5 1.5)
    (mod_edge_width 0.12)
    (mod_text_size 1 1)
    (mod_text_width 0.15)
    (pad_size 1.524 1.524)
    (pad_drill 0.762)
    (pad_to_mask_clearance 0)
    (aux_axis_origin 0 0)
    (visible_elements FFFFF77F)
    (pcbplotparams
      (layerselection 0x010fc_ffffffff)
      (usegerberextensions false)
      (usegerberattributes true)
      (usegerberadvancedattributes true)
      (creategerberjobfile true)
      (excludeedgelayer true)
      (linewidth 0.100000)
      (plotframeref false)
      (viasonmask false)
      (mode 1)
      (useauxorigin false)
      (hpglpennumber 1)
      (hpglpenspeed 20)
      (hpglpendiameter 15.000000)
      (psnegative false)
      (psa4output false)
      (plotreference true)
      (plotvalue true)
      (plotinvisibletext false)
      (padsonsilk false)
      (subtractmaskfromsilk false)
      (outputformat 1)
      (mirror false)
      (drillshape 1)
      (scaleselection 1)
      (outputdirectory ""))
  )

  (net 0 "")
  (net 1 GND)
  (net 2 PROGRAMMING_RESET)
  (net 3 +3V3)
  (net 4 "Net-(C5-Pad1)")
  (net 5 "Net-(C12-Pad1)")
  (net 6 VAA)
  (net 7 HR_RD_-)
  (net 8 GND1)
  (net 9 HR_RD_+)
  (net 10 HR_TD_-)
  (net 11 HR_TD_+)
  (net 12 "Net-(C22-Pad1)")
  (net 13 "Net-(D1-Pad2)")
  (net 14 "Net-(F1-Pad1)")
  (net 15 "Net-(J1-Pad1)")
  (net 16 PROGRAMMING_RX)
  (net 17 PROGRAMMING_GPIO0)
  (net 18 PROGRAMMING_TX)
  (net 19 "Net-(J2-Pad9)")
  (net 20 HR_GREEN)
  (net 21 "Net-(J2-Pad12)")
  (net 22 HR_YELLOW)
  (net 23 "Net-(Q1-Pad1)")
  (net 24 ACT_LED)
  (net 25 /ESP32/I2C_SCL)
  (net 26 /ESP32/I2C_SDA)
  (net 27 "Net-(R7-Pad1)")
  (net 28 /ESP32/LAN_MODE0)
  (net 29 /ESP32/LAN_MODE1)
  (net 30 "Net-(R8-Pad1)")
  (net 31 "Net-(R9-Pad1)")
  (net 32 /ESP32/LAN_MODE2)
  (net 33 "Net-(R10-Pad1)")
  (net 34 /ESP32/LAN_MDIO)
  (net 35 "Net-(R12-Pad1)")
  (net 36 /LAN/CLKIN)
  (net 37 "Net-(R13-Pad1)")
  (net 38 "Net-(R14-Pad1)")
  (net 39 /MCP/INTB)
  (net 40 /ESP32/LAN_RESET)
  (net 41 /MCP/INTA)
  (net 42 /ESP32/LAN_TXED0)
  (net 43 /ESP32/LAN_TXEN)
  (net 44 /ESP32/LAN_TXED1)
  (net 45 /ESP32/LAN_MDC)

  (net_class Default "This is the default net class."
    (clearance 0.2)
    (trace_width 0.25)
    (via_dia 0.8)
    (via_drill 0.4)
    (uvia_dia 0.3)
    (uvia_drill 0.1)
    (add_net +3V3)
    (add_net /ESP32/I2C_SCL)
    (add_net /ESP32/I2C_SDA)
    (add_net /ESP32/LAN_MDC)
    (add_net /ESP32/LAN_MDIO)
    (add_net /ESP32/LAN_MODE0)
    (add_net /ESP32/LAN_MODE1)
    (add_net /ESP32/LAN_MODE2)
    (add_net /ESP32/LAN_RESET)
    (add_net /ESP32/LAN_TXED0)
    (add_net /ESP32/LAN_TXED1)
    (add_net /ESP32/LAN_TXEN)
    (add_net /LAN/CLKIN)
    (add_net /MCP/INTA)
    (add_net /MCP/INTB)
    (add_net ACT_LED)
    (add_net GND)
    (add_net GND1)
    (add_net HR_GREEN)
    (add_net HR_RD_+)
    (add_net HR_RD_-)
    (add_net HR_TD_+)
    (add_net HR_TD_-)
    (add_net HR_YELLOW)
    (add_net "Net-(C12-Pad1)")
    (add_net "Net-(C22-Pad1)")
    (add_net "Net-(C5-Pad1)")
    (add_net "Net-(D1-Pad2)")
    (add_net "Net-(F1-Pad1)")
    (add_net "Net-(J1-Pad1)")
    (add_net "Net-(J2-Pad12)")
    (add_net "Net-(J2-Pad9)")
    (add_net "Net-(Q1-Pad1)")
    (add_net "Net-(R10-Pad1)")
    (add_net "Net-(R12-Pad1)")
    (add_net "Net-(R13-Pad1)")
    (add_net "Net-(R14-Pad1)")
    (add_net "Net-(R7-Pad1)")
    (add_net "Net-(R8-Pad1)")
    (add_net "Net-(R9-Pad1)")
    (add_net PROGRAMMING_GPIO0)
    (add_net PROGRAMMING_RESET)
    (add_net PROGRAMMING_RX)
    (add_net PROGRAMMING_TX)
    (add_net VAA)
  )

  (module Capacitor_SMD:C_0402_1005Metric (layer F.Cu) (tedit 5F68FEEE) (tstamp 6213DD92)
    (at 156.585001 83.551001)
    (descr "Capacitor SMD 0402 (1005 Metric), square (rectangular) end terminal, IPC_7351 nominal, (Body size source: IPC-SM-782 page 76, https://www.pcb-3d.com/wordpress/wp-content/uploads/ipc-sm-782a_amendment_1_and_2.pdf), generated with kicad-footprint-generator")
    (tags capacitor)
    (path /6212150F/62129757)
    (attr smd)
    (fp_text reference C1 (at 0 -1.16) (layer F.SilkS) hide
      (effects (font (size 1 1) (thickness 0.15)))
    )
    (fp_text value 100nF/50V/10% (at 0 1.16) (layer F.Fab)
      (effects (font (size 1 1) (thickness 0.15)))
    )
    (fp_text user %R (at 0 0) (layer F.Fab)
      (effects (font (size 0.25 0.25) (thickness 0.04)))
    )
    (fp_line (start -0.5 0.25) (end -0.5 -0.25) (layer F.Fab) (width 0.1))
    (fp_line (start -0.5 -0.25) (end 0.5 -0.25) (layer F.Fab) (width 0.1))
    (fp_line (start 0.5 -0.25) (end 0.5 0.25) (layer F.Fab) (width 0.1))
    (fp_line (start 0.5 0.25) (end -0.5 0.25) (layer F.Fab) (width 0.1))
    (fp_line (start -0.107836 -0.36) (end 0.107836 -0.36) (layer F.SilkS) (width 0.12))
    (fp_line (start -0.107836 0.36) (end 0.107836 0.36) (layer F.SilkS) (width 0.12))
    (fp_line (start -0.91 0.46) (end -0.91 -0.46) (layer F.CrtYd) (width 0.05))
    (fp_line (start -0.91 -0.46) (end 0.91 -0.46) (layer F.CrtYd) (width 0.05))
    (fp_line (start 0.91 -0.46) (end 0.91 0.46) (layer F.CrtYd) (width 0.05))
    (fp_line (start 0.91 0.46) (end -0.91 0.46) (layer F.CrtYd) (width 0.05))
    (pad 2 smd roundrect (at 0.48 0) (size 0.56 0.62) (layers F.Cu F.Paste F.Mask) (roundrect_rratio 0.25)
      (net 1 GND))
    (pad 1 smd roundrect (at -0.48 0) (size 0.56 0.62) (layers F.Cu F.Paste F.Mask) (roundrect_rratio 0.25)
      (net 2 PROGRAMMING_RESET))
    (model ${KISYS3DMOD}/Capacitor_SMD.3dshapes/C_0402_1005Metric.wrl
      (at (xyz 0 0 0))
      (scale (xyz 1 1 1))
      (rotate (xyz 0 0 0))
    )
  )

  (module Capacitor_SMD:C_0402_1005Metric (layer F.Cu) (tedit 5F68FEEE) (tstamp 6213DDA3)
    (at 161.425001 79.691001)
    (descr "Capacitor SMD 0402 (1005 Metric), square (rectangular) end terminal, IPC_7351 nominal, (Body size source: IPC-SM-782 page 76, https://www.pcb-3d.com/wordpress/wp-content/uploads/ipc-sm-782a_amendment_1_and_2.pdf), generated with kicad-footprint-generator")
    (tags capacitor)
    (path /6212150F/621231ED)
    (attr smd)
    (fp_text reference C2 (at 0 -1.16) (layer F.SilkS) hide
      (effects (font (size 1 1) (thickness 0.15)))
    )
    (fp_text value 100nF/50V/10% (at 0 1.16) (layer F.Fab)
      (effects (font (size 1 1) (thickness 0.15)))
    )
    (fp_text user %R (at 0 0) (layer F.Fab)
      (effects (font (size 0.25 0.25) (thickness 0.04)))
    )
    (fp_line (start -0.5 0.25) (end -0.5 -0.25) (layer F.Fab) (width 0.1))
    (fp_line (start -0.5 -0.25) (end 0.5 -0.25) (layer F.Fab) (width 0.1))
    (fp_line (start 0.5 -0.25) (end 0.5 0.25) (layer F.Fab) (width 0.1))
    (fp_line (start 0.5 0.25) (end -0.5 0.25) (layer F.Fab) (width 0.1))
    (fp_line (start -0.107836 -0.36) (end 0.107836 -0.36) (layer F.SilkS) (width 0.12))
    (fp_line (start -0.107836 0.36) (end 0.107836 0.36) (layer F.SilkS) (width 0.12))
    (fp_line (start -0.91 0.46) (end -0.91 -0.46) (layer F.CrtYd) (width 0.05))
    (fp_line (start -0.91 -0.46) (end 0.91 -0.46) (layer F.CrtYd) (width 0.05))
    (fp_line (start 0.91 -0.46) (end 0.91 0.46) (layer F.CrtYd) (width 0.05))
    (fp_line (start 0.91 0.46) (end -0.91 0.46) (layer F.CrtYd) (width 0.05))
    (pad 2 smd roundrect (at 0.48 0) (size 0.56 0.62) (layers F.Cu F.Paste F.Mask) (roundrect_rratio 0.25)
      (net 1 GND))
    (pad 1 smd roundrect (at -0.48 0) (size 0.56 0.62) (layers F.Cu F.Paste F.Mask) (roundrect_rratio 0.25)
      (net 3 +3V3))
    (model ${KISYS3DMOD}/Capacitor_SMD.3dshapes/C_0402_1005Metric.wrl
      (at (xyz 0 0 0))
      (scale (xyz 1 1 1))
      (rotate (xyz 0 0 0))
    )
  )

  (module Capacitor_SMD:C_0402_1005Metric (layer F.Cu) (tedit 5F68FEEE) (tstamp 6213DDB4)
    (at 130.175001 110.251001)
    (descr "Capacitor SMD 0402 (1005 Metric), square (rectangular) end terminal, IPC_7351 nominal, (Body size source: IPC-SM-782 page 76, https://www.pcb-3d.com/wordpress/wp-content/uploads/ipc-sm-782a_amendment_1_and_2.pdf), generated with kicad-footprint-generator")
    (tags capacitor)
    (path /6212150F/621238E7)
    (attr smd)
    (fp_text reference C3 (at 0 -1.16) (layer F.SilkS) hide
      (effects (font (size 1 1) (thickness 0.15)))
    )
    (fp_text value 22uF/6.3V/20% (at 0 1.16) (layer F.Fab)
      (effects (font (size 1 1) (thickness 0.15)))
    )
    (fp_line (start 0.91 0.46) (end -0.91 0.46) (layer F.CrtYd) (width 0.05))
    (fp_line (start 0.91 -0.46) (end 0.91 0.46) (layer F.CrtYd) (width 0.05))
    (fp_line (start -0.91 -0.46) (end 0.91 -0.46) (layer F.CrtYd) (width 0.05))
    (fp_line (start -0.91 0.46) (end -0.91 -0.46) (layer F.CrtYd) (width 0.05))
    (fp_line (start -0.107836 0.36) (end 0.107836 0.36) (layer F.SilkS) (width 0.12))
    (fp_line (start -0.107836 -0.36) (end 0.107836 -0.36) (layer F.SilkS) (width 0.12))
    (fp_line (start 0.5 0.25) (end -0.5 0.25) (layer F.Fab) (width 0.1))
    (fp_line (start 0.5 -0.25) (end 0.5 0.25) (layer F.Fab) (width 0.1))
    (fp_line (start -0.5 -0.25) (end 0.5 -0.25) (layer F.Fab) (width 0.1))
    (fp_line (start -0.5 0.25) (end -0.5 -0.25) (layer F.Fab) (width 0.1))
    (fp_text user %R (at 0 0) (layer F.Fab)
      (effects (font (size 0.25 0.25) (thickness 0.04)))
    )
    (pad 1 smd roundrect (at -0.48 0) (size 0.56 0.62) (layers F.Cu F.Paste F.Mask) (roundrect_rratio 0.25)
      (net 3 +3V3))
    (pad 2 smd roundrect (at 0.48 0) (size 0.56 0.62) (layers F.Cu F.Paste F.Mask) (roundrect_rratio 0.25)
      (net 1 GND))
    (model ${KISYS3DMOD}/Capacitor_SMD.3dshapes/C_0402_1005Metric.wrl
      (at (xyz 0 0 0))
      (scale (xyz 1 1 1))
      (rotate (xyz 0 0 0))
    )
  )

  (module Capacitor_SMD:C_0402_1005Metric (layer F.Cu) (tedit 5F68FEEE) (tstamp 6213DDED)
    (at 172.015001 124.611001)
    (descr "Capacitor SMD 0402 (1005 Metric), square (rectangular) end terminal, IPC_7351 nominal, (Body size source: IPC-SM-782 page 76, https://www.pcb-3d.com/wordpress/wp-content/uploads/ipc-sm-782a_amendment_1_and_2.pdf), generated with kicad-footprint-generator")
    (tags capacitor)
    (path /6213DFD4/6213FE5D)
    (attr smd)
    (fp_text reference C5 (at 0 -1.16) (layer F.SilkS) hide
      (effects (font (size 1 1) (thickness 0.15)))
    )
    (fp_text value 10uF/6.3V/20% (at 0 1.16) (layer F.Fab)
      (effects (font (size 1 1) (thickness 0.15)))
    )
    (fp_text user %R (at 0 0) (layer F.Fab)
      (effects (font (size 0.25 0.25) (thickness 0.04)))
    )
    (fp_line (start -0.5 0.25) (end -0.5 -0.25) (layer F.Fab) (width 0.1))
    (fp_line (start -0.5 -0.25) (end 0.5 -0.25) (layer F.Fab) (width 0.1))
    (fp_line (start 0.5 -0.25) (end 0.5 0.25) (layer F.Fab) (width 0.1))
    (fp_line (start 0.5 0.25) (end -0.5 0.25) (layer F.Fab) (width 0.1))
    (fp_line (start -0.107836 -0.36) (end 0.107836 -0.36) (layer F.SilkS) (width 0.12))
    (fp_line (start -0.107836 0.36) (end 0.107836 0.36) (layer F.SilkS) (width 0.12))
    (fp_line (start -0.91 0.46) (end -0.91 -0.46) (layer F.CrtYd) (width 0.05))
    (fp_line (start -0.91 -0.46) (end 0.91 -0.46) (layer F.CrtYd) (width 0.05))
    (fp_line (start 0.91 -0.46) (end 0.91 0.46) (layer F.CrtYd) (width 0.05))
    (fp_line (start 0.91 0.46) (end -0.91 0.46) (layer F.CrtYd) (width 0.05))
    (pad 2 smd roundrect (at 0.48 0) (size 0.56 0.62) (layers F.Cu F.Paste F.Mask) (roundrect_rratio 0.25)
      (net 1 GND))
    (pad 1 smd roundrect (at -0.48 0) (size 0.56 0.62) (layers F.Cu F.Paste F.Mask) (roundrect_rratio 0.25)
      (net 4 "Net-(C5-Pad1)"))
    (model ${KISYS3DMOD}/Capacitor_SMD.3dshapes/C_0402_1005Metric.wrl
      (at (xyz 0 0 0))
      (scale (xyz 1 1 1))
      (rotate (xyz 0 0 0))
    )
  )

  (module Capacitor_SMD:C_0402_1005Metric (layer F.Cu) (tedit 5F68FEEE) (tstamp 6213DDFE)
    (at 178.955001 123.861001)
    (descr "Capacitor SMD 0402 (1005 Metric), square (rectangular) end terminal, IPC_7351 nominal, (Body size source: IPC-SM-782 page 76, https://www.pcb-3d.com/wordpress/wp-content/uploads/ipc-sm-782a_amendment_1_and_2.pdf), generated with kicad-footprint-generator")
    (tags capacitor)
    (path /6213DFD4/6213FDEB)
    (attr smd)
    (fp_text reference C6 (at 0 -1.16) (layer F.SilkS) hide
      (effects (font (size 1 1) (thickness 0.15)))
    )
    (fp_text value 100nF/50V/10% (at 0 1.16) (layer F.Fab)
      (effects (font (size 1 1) (thickness 0.15)))
    )
    (fp_line (start 0.91 0.46) (end -0.91 0.46) (layer F.CrtYd) (width 0.05))
    (fp_line (start 0.91 -0.46) (end 0.91 0.46) (layer F.CrtYd) (width 0.05))
    (fp_line (start -0.91 -0.46) (end 0.91 -0.46) (layer F.CrtYd) (width 0.05))
    (fp_line (start -0.91 0.46) (end -0.91 -0.46) (layer F.CrtYd) (width 0.05))
    (fp_line (start -0.107836 0.36) (end 0.107836 0.36) (layer F.SilkS) (width 0.12))
    (fp_line (start -0.107836 -0.36) (end 0.107836 -0.36) (layer F.SilkS) (width 0.12))
    (fp_line (start 0.5 0.25) (end -0.5 0.25) (layer F.Fab) (width 0.1))
    (fp_line (start 0.5 -0.25) (end 0.5 0.25) (layer F.Fab) (width 0.1))
    (fp_line (start -0.5 -0.25) (end 0.5 -0.25) (layer F.Fab) (width 0.1))
    (fp_line (start -0.5 0.25) (end -0.5 -0.25) (layer F.Fab) (width 0.1))
    (fp_text user %R (at 0 0) (layer F.Fab)
      (effects (font (size 0.25 0.25) (thickness 0.04)))
    )
    (pad 1 smd roundrect (at -0.48 0) (size 0.56 0.62) (layers F.Cu F.Paste F.Mask) (roundrect_rratio 0.25)
      (net 4 "Net-(C5-Pad1)"))
    (pad 2 smd roundrect (at 0.48 0) (size 0.56 0.62) (layers F.Cu F.Paste F.Mask) (roundrect_rratio 0.25)
      (net 1 GND))
    (model ${KISYS3DMOD}/Capacitor_SMD.3dshapes/C_0402_1005Metric.wrl
      (at (xyz 0 0 0))
      (scale (xyz 1 1 1))
      (rotate (xyz 0 0 0))
    )
  )

  (module Capacitor_SMD:C_0402_1005Metric (layer F.Cu) (tedit 5F68FEEE) (tstamp 6213DE0F)
    (at 174.885001 124.611001)
    (descr "Capacitor SMD 0402 (1005 Metric), square (rectangular) end terminal, IPC_7351 nominal, (Body size source: IPC-SM-782 page 76, https://www.pcb-3d.com/wordpress/wp-content/uploads/ipc-sm-782a_amendment_1_and_2.pdf), generated with kicad-footprint-generator")
    (tags capacitor)
    (path /6213DFD4/62140191)
    (attr smd)
    (fp_text reference C7 (at 0 -1.16) (layer F.SilkS) hide
      (effects (font (size 1 1) (thickness 0.15)))
    )
    (fp_text value 100nF/50V/10% (at 0 1.16) (layer F.Fab)
      (effects (font (size 1 1) (thickness 0.15)))
    )
    (fp_line (start 0.91 0.46) (end -0.91 0.46) (layer F.CrtYd) (width 0.05))
    (fp_line (start 0.91 -0.46) (end 0.91 0.46) (layer F.CrtYd) (width 0.05))
    (fp_line (start -0.91 -0.46) (end 0.91 -0.46) (layer F.CrtYd) (width 0.05))
    (fp_line (start -0.91 0.46) (end -0.91 -0.46) (layer F.CrtYd) (width 0.05))
    (fp_line (start -0.107836 0.36) (end 0.107836 0.36) (layer F.SilkS) (width 0.12))
    (fp_line (start -0.107836 -0.36) (end 0.107836 -0.36) (layer F.SilkS) (width 0.12))
    (fp_line (start 0.5 0.25) (end -0.5 0.25) (layer F.Fab) (width 0.1))
    (fp_line (start 0.5 -0.25) (end 0.5 0.25) (layer F.Fab) (width 0.1))
    (fp_line (start -0.5 -0.25) (end 0.5 -0.25) (layer F.Fab) (width 0.1))
    (fp_line (start -0.5 0.25) (end -0.5 -0.25) (layer F.Fab) (width 0.1))
    (fp_text user %R (at 0 0) (layer F.Fab)
      (effects (font (size 0.25 0.25) (thickness 0.04)))
    )
    (pad 1 smd roundrect (at -0.48 0) (size 0.56 0.62) (layers F.Cu F.Paste F.Mask) (roundrect_rratio 0.25)
      (net 3 +3V3))
    (pad 2 smd roundrect (at 0.48 0) (size 0.56 0.62) (layers F.Cu F.Paste F.Mask) (roundrect_rratio 0.25)
      (net 1 GND))
    (model ${KISYS3DMOD}/Capacitor_SMD.3dshapes/C_0402_1005Metric.wrl
      (at (xyz 0 0 0))
      (scale (xyz 1 1 1))
      (rotate (xyz 0 0 0))
    )
  )

  (module Capacitor_SMD:C_0402_1005Metric (layer F.Cu) (tedit 5F68FEEE) (tstamp 6213DE20)
    (at 183.405001 118.351001)
    (descr "Capacitor SMD 0402 (1005 Metric), square (rectangular) end terminal, IPC_7351 nominal, (Body size source: IPC-SM-782 page 76, https://www.pcb-3d.com/wordpress/wp-content/uploads/ipc-sm-782a_amendment_1_and_2.pdf), generated with kicad-footprint-generator")
    (tags capacitor)
    (path /6213DFD4/621406EF)
    (attr smd)
    (fp_text reference C8 (at 0 -1.16) (layer F.SilkS) hide
      (effects (font (size 1 1) (thickness 0.15)))
    )
    (fp_text value 10uF/6.3V/20% (at 0 1.16) (layer F.Fab)
      (effects (font (size 1 1) (thickness 0.15)))
    )
    (fp_text user %R (at 0 0) (layer F.Fab)
      (effects (font (size 0.25 0.25) (thickness 0.04)))
    )
    (fp_line (start -0.5 0.25) (end -0.5 -0.25) (layer F.Fab) (width 0.1))
    (fp_line (start -0.5 -0.25) (end 0.5 -0.25) (layer F.Fab) (width 0.1))
    (fp_line (start 0.5 -0.25) (end 0.5 0.25) (layer F.Fab) (width 0.1))
    (fp_line (start 0.5 0.25) (end -0.5 0.25) (layer F.Fab) (width 0.1))
    (fp_line (start -0.107836 -0.36) (end 0.107836 -0.36) (layer F.SilkS) (width 0.12))
    (fp_line (start -0.107836 0.36) (end 0.107836 0.36) (layer F.SilkS) (width 0.12))
    (fp_line (start -0.91 0.46) (end -0.91 -0.46) (layer F.CrtYd) (width 0.05))
    (fp_line (start -0.91 -0.46) (end 0.91 -0.46) (layer F.CrtYd) (width 0.05))
    (fp_line (start 0.91 -0.46) (end 0.91 0.46) (layer F.CrtYd) (width 0.05))
    (fp_line (start 0.91 0.46) (end -0.91 0.46) (layer F.CrtYd) (width 0.05))
    (pad 2 smd roundrect (at 0.48 0) (size 0.56 0.62) (layers F.Cu F.Paste F.Mask) (roundrect_rratio 0.25)
      (net 1 GND))
    (pad 1 smd roundrect (at -0.48 0) (size 0.56 0.62) (layers F.Cu F.Paste F.Mask) (roundrect_rratio 0.25)
      (net 3 +3V3))
    (model ${KISYS3DMOD}/Capacitor_SMD.3dshapes/C_0402_1005Metric.wrl
      (at (xyz 0 0 0))
      (scale (xyz 1 1 1))
      (rotate (xyz 0 0 0))
    )
  )

  (module Capacitor_SMD:C_0402_1005Metric (layer F.Cu) (tedit 5F68FEEE) (tstamp 6213DE31)
    (at 201.045001 77.701001)
    (descr "Capacitor SMD 0402 (1005 Metric), square (rectangular) end terminal, IPC_7351 nominal, (Body size source: IPC-SM-782 page 76, https://www.pcb-3d.com/wordpress/wp-content/uploads/ipc-sm-782a_amendment_1_and_2.pdf), generated with kicad-footprint-generator")
    (tags capacitor)
    (path /6215A73B/6215C507)
    (attr smd)
    (fp_text reference C9 (at 0 -1.16) (layer F.SilkS) hide
      (effects (font (size 1 1) (thickness 0.15)))
    )
    (fp_text value 100nF/50V/10% (at 0 1.16) (layer F.Fab)
      (effects (font (size 1 1) (thickness 0.15)))
    )
    (fp_line (start 0.91 0.46) (end -0.91 0.46) (layer F.CrtYd) (width 0.05))
    (fp_line (start 0.91 -0.46) (end 0.91 0.46) (layer F.CrtYd) (width 0.05))
    (fp_line (start -0.91 -0.46) (end 0.91 -0.46) (layer F.CrtYd) (width 0.05))
    (fp_line (start -0.91 0.46) (end -0.91 -0.46) (layer F.CrtYd) (width 0.05))
    (fp_line (start -0.107836 0.36) (end 0.107836 0.36) (layer F.SilkS) (width 0.12))
    (fp_line (start -0.107836 -0.36) (end 0.107836 -0.36) (layer F.SilkS) (width 0.12))
    (fp_line (start 0.5 0.25) (end -0.5 0.25) (layer F.Fab) (width 0.1))
    (fp_line (start 0.5 -0.25) (end 0.5 0.25) (layer F.Fab) (width 0.1))
    (fp_line (start -0.5 -0.25) (end 0.5 -0.25) (layer F.Fab) (width 0.1))
    (fp_line (start -0.5 0.25) (end -0.5 -0.25) (layer F.Fab) (width 0.1))
    (fp_text user %R (at 0 0) (layer F.Fab)
      (effects (font (size 0.25 0.25) (thickness 0.04)))
    )
    (pad 1 smd roundrect (at -0.48 0) (size 0.56 0.62) (layers F.Cu F.Paste F.Mask) (roundrect_rratio 0.25)
      (net 3 +3V3))
    (pad 2 smd roundrect (at 0.48 0) (size 0.56 0.62) (layers F.Cu F.Paste F.Mask) (roundrect_rratio 0.25)
      (net 1 GND))
    (model ${KISYS3DMOD}/Capacitor_SMD.3dshapes/C_0402_1005Metric.wrl
      (at (xyz 0 0 0))
      (scale (xyz 1 1 1))
      (rotate (xyz 0 0 0))
    )
  )

  (module Capacitor_SMD:C_0402_1005Metric (layer F.Cu) (tedit 5F68FEEE) (tstamp 6213DE42)
    (at 146.605001 131.851001)
    (descr "Capacitor SMD 0402 (1005 Metric), square (rectangular) end terminal, IPC_7351 nominal, (Body size source: IPC-SM-782 page 76, https://www.pcb-3d.com/wordpress/wp-content/uploads/ipc-sm-782a_amendment_1_and_2.pdf), generated with kicad-footprint-generator")
    (tags capacitor)
    (path /62182BE5/6218401D)
    (attr smd)
    (fp_text reference C10 (at 0 -1.16) (layer F.SilkS) hide
      (effects (font (size 1 1) (thickness 0.15)))
    )
    (fp_text value 100nF/50V/10% (at 0 1.16) (layer F.Fab)
      (effects (font (size 1 1) (thickness 0.15)))
    )
    (fp_text user %R (at 0 0) (layer F.Fab)
      (effects (font (size 0.25 0.25) (thickness 0.04)))
    )
    (fp_line (start -0.5 0.25) (end -0.5 -0.25) (layer F.Fab) (width 0.1))
    (fp_line (start -0.5 -0.25) (end 0.5 -0.25) (layer F.Fab) (width 0.1))
    (fp_line (start 0.5 -0.25) (end 0.5 0.25) (layer F.Fab) (width 0.1))
    (fp_line (start 0.5 0.25) (end -0.5 0.25) (layer F.Fab) (width 0.1))
    (fp_line (start -0.107836 -0.36) (end 0.107836 -0.36) (layer F.SilkS) (width 0.12))
    (fp_line (start -0.107836 0.36) (end 0.107836 0.36) (layer F.SilkS) (width 0.12))
    (fp_line (start -0.91 0.46) (end -0.91 -0.46) (layer F.CrtYd) (width 0.05))
    (fp_line (start -0.91 -0.46) (end 0.91 -0.46) (layer F.CrtYd) (width 0.05))
    (fp_line (start 0.91 -0.46) (end 0.91 0.46) (layer F.CrtYd) (width 0.05))
    (fp_line (start 0.91 0.46) (end -0.91 0.46) (layer F.CrtYd) (width 0.05))
    (pad 2 smd roundrect (at 0.48 0) (size 0.56 0.62) (layers F.Cu F.Paste F.Mask) (roundrect_rratio 0.25)
      (net 1 GND))
    (pad 1 smd roundrect (at -0.48 0) (size 0.56 0.62) (layers F.Cu F.Paste F.Mask) (roundrect_rratio 0.25)
      (net 3 +3V3))
    (model ${KISYS3DMOD}/Capacitor_SMD.3dshapes/C_0402_1005Metric.wrl
      (at (xyz 0 0 0))
      (scale (xyz 1 1 1))
      (rotate (xyz 0 0 0))
    )
  )

  (module Capacitor_SMD:C_0402_1005Metric (layer F.Cu) (tedit 5F68FEEE) (tstamp 6213DE53)
    (at 158.675001 120.321001)
    (descr "Capacitor SMD 0402 (1005 Metric), square (rectangular) end terminal, IPC_7351 nominal, (Body size source: IPC-SM-782 page 76, https://www.pcb-3d.com/wordpress/wp-content/uploads/ipc-sm-782a_amendment_1_and_2.pdf), generated with kicad-footprint-generator")
    (tags capacitor)
    (path /62182BE5/62184AD0)
    (attr smd)
    (fp_text reference C11 (at 0 -1.16) (layer F.SilkS) hide
      (effects (font (size 1 1) (thickness 0.15)))
    )
    (fp_text value 100nF/50V/10% (at 0 1.16) (layer F.Fab)
      (effects (font (size 1 1) (thickness 0.15)))
    )
    (fp_line (start 0.91 0.46) (end -0.91 0.46) (layer F.CrtYd) (width 0.05))
    (fp_line (start 0.91 -0.46) (end 0.91 0.46) (layer F.CrtYd) (width 0.05))
    (fp_line (start -0.91 -0.46) (end 0.91 -0.46) (layer F.CrtYd) (width 0.05))
    (fp_line (start -0.91 0.46) (end -0.91 -0.46) (layer F.CrtYd) (width 0.05))
    (fp_line (start -0.107836 0.36) (end 0.107836 0.36) (layer F.SilkS) (width 0.12))
    (fp_line (start -0.107836 -0.36) (end 0.107836 -0.36) (layer F.SilkS) (width 0.12))
    (fp_line (start 0.5 0.25) (end -0.5 0.25) (layer F.Fab) (width 0.1))
    (fp_line (start 0.5 -0.25) (end 0.5 0.25) (layer F.Fab) (width 0.1))
    (fp_line (start -0.5 -0.25) (end 0.5 -0.25) (layer F.Fab) (width 0.1))
    (fp_line (start -0.5 0.25) (end -0.5 -0.25) (layer F.Fab) (width 0.1))
    (fp_text user %R (at 0 0) (layer F.Fab)
      (effects (font (size 0.25 0.25) (thickness 0.04)))
    )
    (pad 1 smd roundrect (at -0.48 0) (size 0.56 0.62) (layers F.Cu F.Paste F.Mask) (roundrect_rratio 0.25)
      (net 3 +3V3))
    (pad 2 smd roundrect (at 0.48 0) (size 0.56 0.62) (layers F.Cu F.Paste F.Mask) (roundrect_rratio 0.25)
      (net 1 GND))
    (model ${KISYS3DMOD}/Capacitor_SMD.3dshapes/C_0402_1005Metric.wrl
      (at (xyz 0 0 0))
      (scale (xyz 1 1 1))
      (rotate (xyz 0 0 0))
    )
  )

  (module Capacitor_SMD:C_0402_1005Metric (layer F.Cu) (tedit 5F68FEEE) (tstamp 6213DE64)
    (at 162.685001 116.361001)
    (descr "Capacitor SMD 0402 (1005 Metric), square (rectangular) end terminal, IPC_7351 nominal, (Body size source: IPC-SM-782 page 76, https://www.pcb-3d.com/wordpress/wp-content/uploads/ipc-sm-782a_amendment_1_and_2.pdf), generated with kicad-footprint-generator")
    (tags capacitor)
    (path /62182BE5/621858D2)
    (attr smd)
    (fp_text reference C12 (at 0 -1.16) (layer F.SilkS) hide
      (effects (font (size 1 1) (thickness 0.15)))
    )
    (fp_text value 470pF/50V/20% (at 0 1.16) (layer F.Fab)
      (effects (font (size 1 1) (thickness 0.15)))
    )
    (fp_text user %R (at 0 0) (layer F.Fab)
      (effects (font (size 0.25 0.25) (thickness 0.04)))
    )
    (fp_line (start -0.5 0.25) (end -0.5 -0.25) (layer F.Fab) (width 0.1))
    (fp_line (start -0.5 -0.25) (end 0.5 -0.25) (layer F.Fab) (width 0.1))
    (fp_line (start 0.5 -0.25) (end 0.5 0.25) (layer F.Fab) (width 0.1))
    (fp_line (start 0.5 0.25) (end -0.5 0.25) (layer F.Fab) (width 0.1))
    (fp_line (start -0.107836 -0.36) (end 0.107836 -0.36) (layer F.SilkS) (width 0.12))
    (fp_line (start -0.107836 0.36) (end 0.107836 0.36) (layer F.SilkS) (width 0.12))
    (fp_line (start -0.91 0.46) (end -0.91 -0.46) (layer F.CrtYd) (width 0.05))
    (fp_line (start -0.91 -0.46) (end 0.91 -0.46) (layer F.CrtYd) (width 0.05))
    (fp_line (start 0.91 -0.46) (end 0.91 0.46) (layer F.CrtYd) (width 0.05))
    (fp_line (start 0.91 0.46) (end -0.91 0.46) (layer F.CrtYd) (width 0.05))
    (pad 2 smd roundrect (at 0.48 0) (size 0.56 0.62) (layers F.Cu F.Paste F.Mask) (roundrect_rratio 0.25)
      (net 1 GND))
    (pad 1 smd roundrect (at -0.48 0) (size 0.56 0.62) (layers F.Cu F.Paste F.Mask) (roundrect_rratio 0.25)
      (net 5 "Net-(C12-Pad1)"))
    (model ${KISYS3DMOD}/Capacitor_SMD.3dshapes/C_0402_1005Metric.wrl
      (at (xyz 0 0 0))
      (scale (xyz 1 1 1))
      (rotate (xyz 0 0 0))
    )
  )

  (module Capacitor_SMD:C_0402_1005Metric (layer F.Cu) (tedit 5F68FEEE) (tstamp 6213DE75)
    (at 143.695001 133.841001)
    (descr "Capacitor SMD 0402 (1005 Metric), square (rectangular) end terminal, IPC_7351 nominal, (Body size source: IPC-SM-782 page 76, https://www.pcb-3d.com/wordpress/wp-content/uploads/ipc-sm-782a_amendment_1_and_2.pdf), generated with kicad-footprint-generator")
    (tags capacitor)
    (path /62182BE5/62185B48)
    (attr smd)
    (fp_text reference C13 (at 0 -1.16) (layer F.SilkS) hide
      (effects (font (size 1 1) (thickness 0.15)))
    )
    (fp_text value 1uF/10%/25V (at 0 1.16) (layer F.Fab)
      (effects (font (size 1 1) (thickness 0.15)))
    )
    (fp_line (start 0.91 0.46) (end -0.91 0.46) (layer F.CrtYd) (width 0.05))
    (fp_line (start 0.91 -0.46) (end 0.91 0.46) (layer F.CrtYd) (width 0.05))
    (fp_line (start -0.91 -0.46) (end 0.91 -0.46) (layer F.CrtYd) (width 0.05))
    (fp_line (start -0.91 0.46) (end -0.91 -0.46) (layer F.CrtYd) (width 0.05))
    (fp_line (start -0.107836 0.36) (end 0.107836 0.36) (layer F.SilkS) (width 0.12))
    (fp_line (start -0.107836 -0.36) (end 0.107836 -0.36) (layer F.SilkS) (width 0.12))
    (fp_line (start 0.5 0.25) (end -0.5 0.25) (layer F.Fab) (width 0.1))
    (fp_line (start 0.5 -0.25) (end 0.5 0.25) (layer F.Fab) (width 0.1))
    (fp_line (start -0.5 -0.25) (end 0.5 -0.25) (layer F.Fab) (width 0.1))
    (fp_line (start -0.5 0.25) (end -0.5 -0.25) (layer F.Fab) (width 0.1))
    (fp_text user %R (at 0 0) (layer F.Fab)
      (effects (font (size 0.25 0.25) (thickness 0.04)))
    )
    (pad 1 smd roundrect (at -0.48 0) (size 0.56 0.62) (layers F.Cu F.Paste F.Mask) (roundrect_rratio 0.25)
      (net 5 "Net-(C12-Pad1)"))
    (pad 2 smd roundrect (at 0.48 0) (size 0.56 0.62) (layers F.Cu F.Paste F.Mask) (roundrect_rratio 0.25)
      (net 1 GND))
    (model ${KISYS3DMOD}/Capacitor_SMD.3dshapes/C_0402_1005Metric.wrl
      (at (xyz 0 0 0))
      (scale (xyz 1 1 1))
      (rotate (xyz 0 0 0))
    )
  )

  (module Capacitor_SMD:C_0402_1005Metric (layer F.Cu) (tedit 5F68FEEE) (tstamp 6213DE86)
    (at 158.675001 118.351001)
    (descr "Capacitor SMD 0402 (1005 Metric), square (rectangular) end terminal, IPC_7351 nominal, (Body size source: IPC-SM-782 page 76, https://www.pcb-3d.com/wordpress/wp-content/uploads/ipc-sm-782a_amendment_1_and_2.pdf), generated with kicad-footprint-generator")
    (tags capacitor)
    (path /62182BE5/62185E01)
    (attr smd)
    (fp_text reference C14 (at 0 -1.16) (layer F.SilkS) hide
      (effects (font (size 1 1) (thickness 0.15)))
    )
    (fp_text value 4.7uF/10V/20% (at 0 1.16) (layer F.Fab)
      (effects (font (size 1 1) (thickness 0.15)))
    )
    (fp_text user %R (at 0 0) (layer F.Fab)
      (effects (font (size 0.25 0.25) (thickness 0.04)))
    )
    (fp_line (start -0.5 0.25) (end -0.5 -0.25) (layer F.Fab) (width 0.1))
    (fp_line (start -0.5 -0.25) (end 0.5 -0.25) (layer F.Fab) (width 0.1))
    (fp_line (start 0.5 -0.25) (end 0.5 0.25) (layer F.Fab) (width 0.1))
    (fp_line (start 0.5 0.25) (end -0.5 0.25) (layer F.Fab) (width 0.1))
    (fp_line (start -0.107836 -0.36) (end 0.107836 -0.36) (layer F.SilkS) (width 0.12))
    (fp_line (start -0.107836 0.36) (end 0.107836 0.36) (layer F.SilkS) (width 0.12))
    (fp_line (start -0.91 0.46) (end -0.91 -0.46) (layer F.CrtYd) (width 0.05))
    (fp_line (start -0.91 -0.46) (end 0.91 -0.46) (layer F.CrtYd) (width 0.05))
    (fp_line (start 0.91 -0.46) (end 0.91 0.46) (layer F.CrtYd) (width 0.05))
    (fp_line (start 0.91 0.46) (end -0.91 0.46) (layer F.CrtYd) (width 0.05))
    (pad 2 smd roundrect (at 0.48 0) (size 0.56 0.62) (layers F.Cu F.Paste F.Mask) (roundrect_rratio 0.25)
      (net 1 GND))
    (pad 1 smd roundrect (at -0.48 0) (size 0.56 0.62) (layers F.Cu F.Paste F.Mask) (roundrect_rratio 0.25)
      (net 5 "Net-(C12-Pad1)"))
    (model ${KISYS3DMOD}/Capacitor_SMD.3dshapes/C_0402_1005Metric.wrl
      (at (xyz 0 0 0))
      (scale (xyz 1 1 1))
      (rotate (xyz 0 0 0))
    )
  )

  (module Capacitor_SMD:C_0402_1005Metric (layer F.Cu) (tedit 5F68FEEE) (tstamp 6213DE97)
    (at 152.425001 124.821001)
    (descr "Capacitor SMD 0402 (1005 Metric), square (rectangular) end terminal, IPC_7351 nominal, (Body size source: IPC-SM-782 page 76, https://www.pcb-3d.com/wordpress/wp-content/uploads/ipc-sm-782a_amendment_1_and_2.pdf), generated with kicad-footprint-generator")
    (tags capacitor)
    (path /62182BE5/621938D8)
    (attr smd)
    (fp_text reference C15 (at 0 -1.16) (layer F.SilkS) hide
      (effects (font (size 1 1) (thickness 0.15)))
    )
    (fp_text value 100nF/50V/10% (at 0 1.16) (layer F.Fab)
      (effects (font (size 1 1) (thickness 0.15)))
    )
    (fp_line (start 0.91 0.46) (end -0.91 0.46) (layer F.CrtYd) (width 0.05))
    (fp_line (start 0.91 -0.46) (end 0.91 0.46) (layer F.CrtYd) (width 0.05))
    (fp_line (start -0.91 -0.46) (end 0.91 -0.46) (layer F.CrtYd) (width 0.05))
    (fp_line (start -0.91 0.46) (end -0.91 -0.46) (layer F.CrtYd) (width 0.05))
    (fp_line (start -0.107836 0.36) (end 0.107836 0.36) (layer F.SilkS) (width 0.12))
    (fp_line (start -0.107836 -0.36) (end 0.107836 -0.36) (layer F.SilkS) (width 0.12))
    (fp_line (start 0.5 0.25) (end -0.5 0.25) (layer F.Fab) (width 0.1))
    (fp_line (start 0.5 -0.25) (end 0.5 0.25) (layer F.Fab) (width 0.1))
    (fp_line (start -0.5 -0.25) (end 0.5 -0.25) (layer F.Fab) (width 0.1))
    (fp_line (start -0.5 0.25) (end -0.5 -0.25) (layer F.Fab) (width 0.1))
    (fp_text user %R (at 0 0) (layer F.Fab)
      (effects (font (size 0.25 0.25) (thickness 0.04)))
    )
    (pad 1 smd roundrect (at -0.48 0) (size 0.56 0.62) (layers F.Cu F.Paste F.Mask) (roundrect_rratio 0.25)
      (net 6 VAA))
    (pad 2 smd roundrect (at 0.48 0) (size 0.56 0.62) (layers F.Cu F.Paste F.Mask) (roundrect_rratio 0.25)
      (net 1 GND))
    (model ${KISYS3DMOD}/Capacitor_SMD.3dshapes/C_0402_1005Metric.wrl
      (at (xyz 0 0 0))
      (scale (xyz 1 1 1))
      (rotate (xyz 0 0 0))
    )
  )

  (module Capacitor_SMD:C_0402_1005Metric (layer F.Cu) (tedit 5F68FEEE) (tstamp 6213DEA8)
    (at 152.425001 122.851001)
    (descr "Capacitor SMD 0402 (1005 Metric), square (rectangular) end terminal, IPC_7351 nominal, (Body size source: IPC-SM-782 page 76, https://www.pcb-3d.com/wordpress/wp-content/uploads/ipc-sm-782a_amendment_1_and_2.pdf), generated with kicad-footprint-generator")
    (tags capacitor)
    (path /62182BE5/62193EB2)
    (attr smd)
    (fp_text reference C16 (at 0 -1.16) (layer F.SilkS) hide
      (effects (font (size 1 1) (thickness 0.15)))
    )
    (fp_text value 100nF/50V/10% (at 0 1.16) (layer F.Fab)
      (effects (font (size 1 1) (thickness 0.15)))
    )
    (fp_text user %R (at 0 0) (layer F.Fab)
      (effects (font (size 0.25 0.25) (thickness 0.04)))
    )
    (fp_line (start -0.5 0.25) (end -0.5 -0.25) (layer F.Fab) (width 0.1))
    (fp_line (start -0.5 -0.25) (end 0.5 -0.25) (layer F.Fab) (width 0.1))
    (fp_line (start 0.5 -0.25) (end 0.5 0.25) (layer F.Fab) (width 0.1))
    (fp_line (start 0.5 0.25) (end -0.5 0.25) (layer F.Fab) (width 0.1))
    (fp_line (start -0.107836 -0.36) (end 0.107836 -0.36) (layer F.SilkS) (width 0.12))
    (fp_line (start -0.107836 0.36) (end 0.107836 0.36) (layer F.SilkS) (width 0.12))
    (fp_line (start -0.91 0.46) (end -0.91 -0.46) (layer F.CrtYd) (width 0.05))
    (fp_line (start -0.91 -0.46) (end 0.91 -0.46) (layer F.CrtYd) (width 0.05))
    (fp_line (start 0.91 -0.46) (end 0.91 0.46) (layer F.CrtYd) (width 0.05))
    (fp_line (start 0.91 0.46) (end -0.91 0.46) (layer F.CrtYd) (width 0.05))
    (pad 2 smd roundrect (at 0.48 0) (size 0.56 0.62) (layers F.Cu F.Paste F.Mask) (roundrect_rratio 0.25)
      (net 1 GND))
    (pad 1 smd roundrect (at -0.48 0) (size 0.56 0.62) (layers F.Cu F.Paste F.Mask) (roundrect_rratio 0.25)
      (net 6 VAA))
    (model ${KISYS3DMOD}/Capacitor_SMD.3dshapes/C_0402_1005Metric.wrl
      (at (xyz 0 0 0))
      (scale (xyz 1 1 1))
      (rotate (xyz 0 0 0))
    )
  )

  (module Capacitor_SMD:C_0402_1005Metric (layer F.Cu) (tedit 5F68FEEE) (tstamp 6213DEB9)
    (at 146.605001 129.881001)
    (descr "Capacitor SMD 0402 (1005 Metric), square (rectangular) end terminal, IPC_7351 nominal, (Body size source: IPC-SM-782 page 76, https://www.pcb-3d.com/wordpress/wp-content/uploads/ipc-sm-782a_amendment_1_and_2.pdf), generated with kicad-footprint-generator")
    (tags capacitor)
    (path /62182BE5/6219429D)
    (attr smd)
    (fp_text reference C17 (at 0 -1.16) (layer F.SilkS) hide
      (effects (font (size 1 1) (thickness 0.15)))
    )
    (fp_text value 1uF/10%/25V (at 0 1.16) (layer F.Fab)
      (effects (font (size 1 1) (thickness 0.15)))
    )
    (fp_line (start 0.91 0.46) (end -0.91 0.46) (layer F.CrtYd) (width 0.05))
    (fp_line (start 0.91 -0.46) (end 0.91 0.46) (layer F.CrtYd) (width 0.05))
    (fp_line (start -0.91 -0.46) (end 0.91 -0.46) (layer F.CrtYd) (width 0.05))
    (fp_line (start -0.91 0.46) (end -0.91 -0.46) (layer F.CrtYd) (width 0.05))
    (fp_line (start -0.107836 0.36) (end 0.107836 0.36) (layer F.SilkS) (width 0.12))
    (fp_line (start -0.107836 -0.36) (end 0.107836 -0.36) (layer F.SilkS) (width 0.12))
    (fp_line (start 0.5 0.25) (end -0.5 0.25) (layer F.Fab) (width 0.1))
    (fp_line (start 0.5 -0.25) (end 0.5 0.25) (layer F.Fab) (width 0.1))
    (fp_line (start -0.5 -0.25) (end 0.5 -0.25) (layer F.Fab) (width 0.1))
    (fp_line (start -0.5 0.25) (end -0.5 -0.25) (layer F.Fab) (width 0.1))
    (fp_text user %R (at 0 0) (layer F.Fab)
      (effects (font (size 0.25 0.25) (thickness 0.04)))
    )
    (pad 1 smd roundrect (at -0.48 0) (size 0.56 0.62) (layers F.Cu F.Paste F.Mask) (roundrect_rratio 0.25)
      (net 6 VAA))
    (pad 2 smd roundrect (at 0.48 0) (size 0.56 0.62) (layers F.Cu F.Paste F.Mask) (roundrect_rratio 0.25)
      (net 1 GND))
    (model ${KISYS3DMOD}/Capacitor_SMD.3dshapes/C_0402_1005Metric.wrl
      (at (xyz 0 0 0))
      (scale (xyz 1 1 1))
      (rotate (xyz 0 0 0))
    )
  )

  (module Capacitor_SMD:C_0402_1005Metric (layer F.Cu) (tedit 5F68FEEE) (tstamp 6213DECA)
    (at 143.695001 131.871001)
    (descr "Capacitor SMD 0402 (1005 Metric), square (rectangular) end terminal, IPC_7351 nominal, (Body size source: IPC-SM-782 page 76, https://www.pcb-3d.com/wordpress/wp-content/uploads/ipc-sm-782a_amendment_1_and_2.pdf), generated with kicad-footprint-generator")
    (tags capacitor)
    (path /62182BE5/62196B3A)
    (attr smd)
    (fp_text reference C18 (at 0 -1.16) (layer F.SilkS) hide
      (effects (font (size 1 1) (thickness 0.15)))
    )
    (fp_text value 10pF/50V/5% (at 0 1.16) (layer F.Fab)
      (effects (font (size 1 1) (thickness 0.15)))
    )
    (fp_line (start 0.91 0.46) (end -0.91 0.46) (layer F.CrtYd) (width 0.05))
    (fp_line (start 0.91 -0.46) (end 0.91 0.46) (layer F.CrtYd) (width 0.05))
    (fp_line (start -0.91 -0.46) (end 0.91 -0.46) (layer F.CrtYd) (width 0.05))
    (fp_line (start -0.91 0.46) (end -0.91 -0.46) (layer F.CrtYd) (width 0.05))
    (fp_line (start -0.107836 0.36) (end 0.107836 0.36) (layer F.SilkS) (width 0.12))
    (fp_line (start -0.107836 -0.36) (end 0.107836 -0.36) (layer F.SilkS) (width 0.12))
    (fp_line (start 0.5 0.25) (end -0.5 0.25) (layer F.Fab) (width 0.1))
    (fp_line (start 0.5 -0.25) (end 0.5 0.25) (layer F.Fab) (width 0.1))
    (fp_line (start -0.5 -0.25) (end 0.5 -0.25) (layer F.Fab) (width 0.1))
    (fp_line (start -0.5 0.25) (end -0.5 -0.25) (layer F.Fab) (width 0.1))
    (fp_text user %R (at 0 0) (layer F.Fab)
      (effects (font (size 0.25 0.25) (thickness 0.04)))
    )
    (pad 1 smd roundrect (at -0.48 0) (size 0.56 0.62) (layers F.Cu F.Paste F.Mask) (roundrect_rratio 0.25)
      (net 7 HR_RD_-))
    (pad 2 smd roundrect (at 0.48 0) (size 0.56 0.62) (layers F.Cu F.Paste F.Mask) (roundrect_rratio 0.25)
      (net 8 GND1))
    (model ${KISYS3DMOD}/Capacitor_SMD.3dshapes/C_0402_1005Metric.wrl
      (at (xyz 0 0 0))
      (scale (xyz 1 1 1))
      (rotate (xyz 0 0 0))
    )
  )

  (module Capacitor_SMD:C_0402_1005Metric (layer F.Cu) (tedit 5F68FEEE) (tstamp 6213DEDB)
    (at 155.765001 120.341001)
    (descr "Capacitor SMD 0402 (1005 Metric), square (rectangular) end terminal, IPC_7351 nominal, (Body size source: IPC-SM-782 page 76, https://www.pcb-3d.com/wordpress/wp-content/uploads/ipc-sm-782a_amendment_1_and_2.pdf), generated with kicad-footprint-generator")
    (tags capacitor)
    (path /62182BE5/62197B85)
    (attr smd)
    (fp_text reference C19 (at 0 -1.16) (layer F.SilkS) hide
      (effects (font (size 1 1) (thickness 0.15)))
    )
    (fp_text value 10pF/50V/5% (at 0 1.16) (layer F.Fab)
      (effects (font (size 1 1) (thickness 0.15)))
    )
    (fp_text user %R (at 0 0) (layer F.Fab)
      (effects (font (size 0.25 0.25) (thickness 0.04)))
    )
    (fp_line (start -0.5 0.25) (end -0.5 -0.25) (layer F.Fab) (width 0.1))
    (fp_line (start -0.5 -0.25) (end 0.5 -0.25) (layer F.Fab) (width 0.1))
    (fp_line (start 0.5 -0.25) (end 0.5 0.25) (layer F.Fab) (width 0.1))
    (fp_line (start 0.5 0.25) (end -0.5 0.25) (layer F.Fab) (width 0.1))
    (fp_line (start -0.107836 -0.36) (end 0.107836 -0.36) (layer F.SilkS) (width 0.12))
    (fp_line (start -0.107836 0.36) (end 0.107836 0.36) (layer F.SilkS) (width 0.12))
    (fp_line (start -0.91 0.46) (end -0.91 -0.46) (layer F.CrtYd) (width 0.05))
    (fp_line (start -0.91 -0.46) (end 0.91 -0.46) (layer F.CrtYd) (width 0.05))
